Conversion time of each message: 
0.00020516600000000662
0.00019935299999999934
0.00016844900000000107
0.00017354999999999454
0.00021618500000000762
0.00020162199999999852
0.00015355499999999966
0.000150718000000008
0.0001484200000000102
0.00019345100000001114
0.00018851999999999758
0.00023457400000000128
0.00017965699999999973
0.00019699199999999306
0.00015410600000000108
0.00015049400000000102
0.00014847099999999724
0.00015034199999999776
0.00014760699999999405
0.0001478250000000042
0.0002031339999999937
0.000152737
0.00018954000000000193
0.00021480299999999952
0.00015252699999999952
0.00014865500000001142
0.00020731899999999748
0.0001543330000000065
0.00018684499999999105
0.0001484390000000002
0.00014705900000000494
0.00014639399999999414
0.00014828399999999853
0.00019253100000000967
0.0006845800000000041
0.00021611500000000283
0.00015571500000000071
0.0001483919999999972
0.00014886399999999855
0.00015071700000000854
0.00014998200000000683
0.00015010799999999602
0.00014843500000000232
0.0001485389999999892
0.00014811700000000316
0.00014984900000000745
0.00021258500000000125
0.00020509400000000289
0.0001577229999999985
0.00033679100000000295
0.00023578900000000014
0.00015680100000001196
0.0001492749999999904
0.00014841999999999633
0.00018849999999999423
0.00018362099999999493
0.00014951800000000126
0.00014676399999999368
0.00022061499999999346
0.00015945400000000332
0.00015307199999999022
0.00019218399999999802
0.0001850189999999946
0.00016252900000000847
0.00014960599999999658
0.00014864299999998998
0.00014717899999999728
0.00014800400000000713
0.0001894050000000036
0.000153528
0.00038956999999999187
0.000233128000000013
0.00023027400000000253
0.00019531400000000199
0.00019574899999999507
0.00022528700000000457
0.00020629600000000858
0.0001515760000000005
0.00016159899999999838
0.0002700910000000001
0.00017076700000000222
0.0001528259999999948
0.00019257300000000144
0.00016687200000001234
0.00019081199999999854
0.00019001099999998994
0.00020389400000001
0.00019206800000000357
0.00015101799999998888
0.00019773899999998845
0.0001736729999999992
0.00019705799999999996
0.00015047799999999556
0.00017886300000000133
0.00018534900000000132
0.00026603399999999833
0.0001527779999999923
0.00018963700000000638
0.0001502079999999989
0.00018995899999998955
0.0003763459999999996
0.0002935210000000049
0.00030127499999998975
0.0002143629999999952
0.0003429220000000094
0.00020854199999999212
0.00019050599999999307
0.0001634479999999966
0.00014482200000000278
0.00016063999999998968
0.00013733800000000074
0.0002055680000000032
0.00020788100000000698
0.0001838680000000037
0.00017781800000001013
0.0001395160000000062
0.0001506490000000027
0.00016604099999999178
0.00013993499999999381
0.00020310699999999404
0.00020736899999999892
0.00015663200000000377
0.00018932399999999072
0.00015212200000000453
0.00015619099999999997
0.00013690600000000608
0.00013697699999999646
0.00017323099999999592
0.0001655140000000055
0.00015611100000000044
0.00014190299999999878
0.00013703199999999527
0.00017052099999999293
0.0001388839999999919
0.00013643700000000314
0.00017435400000000156
0.00017369300000000254
0.00017521199999999404
0.00014027800000000756
0.00013690399999999325
0.00013486799999999632
0.00015261099999999694
0.00013985900000000606
0.0001363610000000015
0.00015089999999999548
0.00013464700000000163
0.00013776300000001296
0.00013571899999999248
0.0001735920000000002
0.0001380679999999912
0.00013557000000000152
0.00013755399999999807
0.00013637899999999203
0.00017182199999998815
0.0001766619999999941
0.00017811699999999153
0.00013945799999999509
0.00017027999999999488
0.00013931500000000097
0.00017456300000000258
0.00013922200000000828
0.00017283599999999566
0.0001592560000000104
0.0001641469999999895
0.00017661299999999214
0.00014278900000000427
0.00015900499999998985
0.00018357599999999086
0.00016117400000000004
0.00013977199999999634
0.00013823599999999991
0.000156013999999996
0.00022127599999999248
0.0002536749999999949
0.00045145200000000496
0.00018716800000000144
0.00017958500000000988
0.00021945700000000623
0.0002559350000000127
0.00015621999999999858
0.000137490000000004
0.0001753929999999959
0.00017143900000000933
0.00013934799999999747
0.00013826100000000063
0.00013616500000000753
0.00017657599999999773
0.00014899899999999688
0.00017628000000000088
0.00014076799999999945
0.00015781300000000664
0.00013869000000001075
0.00013866999999999352
0.0001376889999999964
0.00017208100000000448
0.00013846900000000217
0.00016769699999999443
0.00013519000000000725
0.00013752499999999945
0.0001752829999999983
0.00014069499999999624
0.00013591400000000087
0.0001365040000000095
0.00015755299999999084
0.00013891100000000545
0.00013686599999999938
0.00017532600000000342
0.00019129600000000746
0.0001421260000000063
0.00017542100000000893
0.00018603200000000264
0.0001382449999999813
0.00016092600000000568
0.00017688599999998722
0.00015894100000002354
0.0001470279999999935
0.00018990300000001903
0.00014218299999999018
0.00013616600000002088
0.0001379310000000078
0.00017140000000001598
0.00013888400000000578
0.00013727400000002055
0.00013602400000001236
0.00013413500000000744
0.00013646300000000333
0.00013532199999999328
0.0001912870000000122
0.0001619399999999993
0.0001750140000000011
0.00014010600000000095
0.0001349900000000015
0.00013480399999998838
0.00013559499999998836
0.0001529629999999782
0.00019075299999998796
0.00021173599999999015
0.00013891800000001564
0.00013773499999999994
0.00016042799999999025
0.0001624699999999979
0.00013782200000000966
0.00013459099999998947
0.00013680499999998985
0.00013572800000000163
0.00013705599999999651
0.00013532800000001788
0.0001569879999999968
0.00016762300000000563
0.00013974199999999826
0.00017461200000001842
0.00013764199999999338
0.0001908240000000061
0.0001472409999999924
0.00013869799999999266
0.0001374869999999917
0.0001361559999999984
0.0001360810000000101
0.00017530200000001606
0.00019280499999999035
0.00017921900000000823
0.00014566899999998717
0.00013839700000001232
0.00013765799999998496
0.0001966730000000083
0.00014259299999999642
0.00013808199999998383
0.0001356929999999923
0.00013846100000000638
0.00013744600000001328
0.0001361119999999938
0.0001364539999999803
0.00013576600000000938
0.00014448100000000186
0.0001365779999999983
0.00013609900000000064
0.00017542300000000788
0.00019632599999999667
0.00017478299999998392
0.0001394530000000116
0.0001684550000000118
0.00016071300000000677
0.00013785900000001794
0.00013656900000000305
0.00014666500000001803
0.0001900960000000007
0.00014138099999999598
0.00014812200000000053
0.00013834599999998365
0.00015549400000000602
0.0001411370000000134
0.00013842499999999758
0.00014389700000000394
0.00017549199999999932
0.00013833800000001562
0.00013545599999997826
0.00013791299999998952
0.00013572600000000268
0.00018637899999998653
0.00014060599999998757
0.00013744599999998552
0.0001498280000000185
0.00020520999999998346
0.00018877000000000477
0.00013953999999999356
0.00017617699999999958
0.00013884399999999908
0.0001550240000000036
0.00015090100000000883
0.00013650300000001003
0.00013727099999999437
0.0001375419999999905
0.00013592900000000685
0.0001752389999999937
0.00019794100000000703
0.00018062900000001547
0.00016105299999999434
0.00019225200000000386
0.00014035300000000972
0.00017718500000002413
0.0001390089999999955
0.00013749900000001314
0.0001366190000000045
0.00013547999999999338
0.0001370089999999935
0.00013464199999999038
0.0001960260000000158
0.0001398769999999827
0.000138780000000005
0.00017421700000000429
0.00013976099999998826
0.00013632399999999323
0.00022153399999999546
0.00014192500000001496
0.00013613900000000734
0.00013530100000000433
0.0001350679999999882
0.00013552300000002626
0.00020782799999999324
0.00016424400000000783
0.0001364389999999882
0.00013617500000001614
0.00017715800000001058
0.00013851400000000624
0.0001370159999999898
0.0001360749999999855
0.00019435199999998098
0.00014209500000000874
0.00013757699999999984
0.00014262700000000628
0.00019208700000000745
0.00014168800000000092
0.00019914499999998392
0.00013977900000000654
0.00017016999999999727
0.00013836700000000035
0.00016858299999999993
0.00017792899999999334
0.0001411189999999951
0.00013844000000001744
0.00015847799999998968
0.00013854300000001873
0.00015575700000000636
0.00014041100000000695
0.00013834299999998523
0.0001743150000000082
0.0001814119999999919
0.00020474100000000828
0.0001767839999999854
0.00013816000000002604
0.00013907999999998588
0.0001371349999999827
0.0001352980000000059
0.00013603100000000867
0.0001560280000000025
0.00017937700000000834
0.00013870499999998898
0.00017595700000000436
0.00013952100000000356
0.00013622299999999088
0.00021028099999997885
0.00017875600000000214
0.000176132999999995
0.00013928900000001465
0.00017626100000001088
0.00015718599999997585
0.00020074300000000322
0.00014132299999999876
0.00013750900000000787
0.0001392390000000132
0.00013586900000001068
0.00013594399999999895
0.0001370810000000111
0.00013506599999998925
0.00013713000000001307
0.00015724300000000135
0.00013551700000000166
0.00016819099999998421
0.0001565729999999932
0.00013947799999999844
0.00017123299999999286
0.00013992599999998467
0.00013632599999999218
0.00017646400000001505
0.00018869899999998663
0.0001592529999999981
0.00017452799999997937
0.0001373359999999879
0.00013755299999998472
0.00013464699999998775
0.00017342100000000693
0.000142075999999991
0.00013563700000002177
0.00013821999999999446
0.00013501899999998623
0.00017550099999999458
0.00017474900000000182
0.00014755899999999156
0.00018265900000000168
0.00017551800000001339
0.00017661999999998845
0.00018763100000002142
0.00019348199999999482
0.00014118499999998813
0.0001498870000000152
0.00013622699999998877
0.00013785299999999334
0.00018068600000001322
0.00015144100000000216
0.00019615600000000288
0.0001385080000000094
0.00018920999999999522
0.00017974400000000945
0.00016147899999999216
0.00014025400000000632
0.0001705989999999935
0.00013821599999999656
0.00016832599999999642
0.00013927499999999426
0.00013668799999999592
0.0001375440000000172
0.00017384800000000422
0.00015783099999999717
0.00013721199999999767
0.0001373799999999925
0.00015516299999998595
0.00013759300000001917
0.00013656200000000673
0.0001340740000000118
0.00017655699999999386
0.00013849900000001414
0.00014808800000001843
0.00019958900000000002
0.0001375230000000005
0.00013840399999998088
0.00013729700000000844
0.00013539100000001247
0.00013625600000000126
0.00015465000000000617
0.00015992400000000573
0.0001760430000000146
0.00013778600000000085
0.00014482099999998943
0.00013668399999999803
0.00013707399999998704
0.0001680910000000091
0.0001589900000000255
0.00017417000000000127
0.00017770799999999864
0.000138895
0.00015422499999998007
0.00016162599999999805
0.0001360049999999946
0.00013778200000000296
0.00013456900000000105
0.00016217300000001544
0.0001708009999999982
0.00015961500000000184
0.00013533700000001314
0.00017535400000001644
0.000177379999999977
0.00014389400000000552
0.0001368429999999976
0.0002083290000000071
0.00014197799999998706
0.0001391250000000177
0.0001897919999999942
0.00014020100000000646
0.00017921199999998416
0.0001442299999999952
0.0001372870000000137
0.00013802999999998344
0.00013559900000001401
0.00013548800000001693
0.0001350930000000028
0.00017213699999998888
0.00020227999999999913
0.0001805330000000105
0.0001421269999999919
0.00014051800000000614
0.00020283800000001073
0.0001411520000000055
0.00017395300000000447
0.00018896399999998592
0.00017356199999998823
0.00013904800000000272
0.00013550499999998022
0.00020652399999998572
0.00014316500000000065
0.00013745299999998184
0.00016352000000000033
0.0001372339999999861
0.0001369900000000035
0.00018899899999999525
0.00016234799999997884
0.00013703399999998034
0.00013542299999999563
0.00014871399999999424
0.00014316200000000223
0.00013880999999998922
0.00015435799999999333
0.00016126199999999535
0.0001392210000000227
0.00013723700000001227
0.00014101099999999644
0.0001358240000000066
0.0001353580000000021
0.00013908700000000995
0.00013631599999999744
0.00017694700000001062
0.0001390009999999997
0.000168076000000017
0.00013908000000001364
0.00019313500000001094
0.00013992799999998362
0.00019676099999998975
0.00014072800000000663
0.00018302900000000122
0.0001394720000000016
0.00018571900000000086
0.00013789599999999846
0.00013681599999998406
0.00018875100000001477
0.000149655999999998
0.00013741500000000184
0.00016005299999999334
0.00015109899999998788
0.0002071379999999956
0.00014017899999999028
0.0001361189999999901
0.0001756069999999943
0.0001386810000000016
0.0001363649999999994
0.00018808600000000397
0.00014112999999998932
0.00013842500000002533
0.00015511599999998293
0.00015747599999998974
0.00015992800000000362
0.00015120299999998865
0.0001487189999999916
0.00014719099999999097
0.00014771100000002257
0.00019051800000000063
0.00019274700000002087
0.00015137400000000967
0.0001487440000000062
0.00015258299999998393
0.00014791499999999846
0.00014958400000000815
0.0002222199999999952
0.00017235000000001555
0.0002064539999999948
0.00015562599999999205
0.00019066000000000916
0.00019169699999999068
0.00015434999999999754
0.00014997899999999453
0.00015299699999998806
0.00015064400000000533
0.00018455300000000396
0.000152674999999991
0.0001828530000000106
0.0001590109999999867
0.0001533580000000201
0.00015199799999998653
0.00020435199999999099
0.000152266000000012
0.00015489699999998718
0.00014832200000000628
0.0001474029999999904
0.00019771399999998773
0.00018613100000000604
0.00016339899999998075
0.00018451699999999516
0.00015133000000000507
0.00014767999999998338
0.00014741900000000974
0.00018055999999999628
0.00018881400000000936
0.00014806300000000383
0.0001484320000000039
0.00014781999999999296
0.00014680499999999985
0.00018778499999999587
0.00014957300000001394
0.0001693440000000157
0.0001504870000000047
0.00014706500000000178
0.00015411700000000916
0.00014724699999998925
0.00019095400000002094
0.00014938500000000188
0.0001457159999999902
0.00014783799999998348
0.00014770499999999798
0.00020494199999998575
0.00015007499999999951
0.00014893400000001722
0.0001710580000000017
0.00015412799999997562
0.00014789399999998176
0.00018700299999999115
0.00024362999999999468
0.0002824770000000032
0.00016775800000001784
0.0002402029999999944
0.0001558299999999957
0.00016172199999997527
0.000314199000000015
0.00024067300000002456
0.0002218730000000113
0.00015507000000000715
0.000152057000000011
0.00015154100000000503
0.00024183199999999738
0.0001867249999999987
0.00018285699999998073
0.00023994299999999247
0.00020831999999998407
0.0001798319999999909
0.00018140299999999665
0.00018429300000000204
0.0001819459999999884
0.00016559699999998956
0.0001740959999999847
0.0001727120000000193
0.00017552600000000917
0.00014095899999999606
0.00016503100000000992
0.00013646999999999965
0.00013580999999998622
0.00013576800000000833
0.00017466599999999
0.0001382809999999901
0.0001355269999999964
0.000198750999999997
0.00018274899999998206
0.00020095600000000213
0.0001394759999999995
0.00013708899999997914
0.00013638699999998782
0.00013876400000001343
0.00013743600000001854
0.00017428399999999677
0.00014026500000000053
0.00017276299999999245
0.0001766570000000245
0.00015684299999998985
0.0001402620000000021
0.00013755100000001352
0.00013814200000000776
0.00018709399999999876
0.00014126799999999995
0.00013630500000000323
0.00017528999999999462
0.0001403060000000067
0.00017627800000000193
0.00017629899999999088
0.00013779699999999506
0.00019195799999999208
0.00014299300000000792
0.00013691800000001364
0.0001367840000000009
0.00014613899999998958
0.00013727299999999332
0.00013448099999999186
0.00013551300000000377
0.00013490500000001848
0.0001348149999999826
0.00013664400000001908
0.00015707100000000862
0.0001744740000000078
0.00015571799999999913
0.0001398069999999918
0.00017131399999997798
0.0001395819999999992
0.00016456200000000698
0.00019226699999999597
0.00014740199999999093
0.00013728600000001423
0.00013688600000000273
0.00013729699999998068
0.00013556800000000258
0.00018766599999997524
0.0001907879999999973
0.00013978500000000338
0.00013688900000000115
0.00013608800000000643
0.00013845199999998337
0.00015803799999999923
0.0001362830000000148
0.00013654899999998582
0.00013667200000000435
0.00013664699999998975
0.00013566800000000545
0.00018116300000001195
0.00015846799999999495
0.00015834700000000312
0.00014076700000001385
0.00013652999999999582
0.00013686799999998445
0.0001361960000000051
0.0001706109999999872
0.00013978099999997773
0.00017717000000000427
0.00020433000000000257
0.00018042199999998565
0.00017267700000000996
0.0001724110000000112
0.00015813300000000474
0.0001392149999999981
0.00013919800000000704
0.00013630500000000323
0.00013568599999999598
0.00014374999999999805
0.00013582500000000608
0.00016990100000000008
0.00017622600000000155
0.0001378739999999823
0.00013759099999999247
0.00017686100000000038
0.00019333499999998893
0.0001404429999999901
0.0001364640000000028
0.00013707099999998862
0.0001691689999999968
0.00013753999999999156
0.00014524100000001816
0.00013451500000000172
0.0001757860000000111
0.00017597699999999383
0.00017339899999999075
0.00013811499999999421
0.0001656319999999989
0.00014116200000000023
0.00013761699999997878
0.00017770699999999917
0.00013932199999999728
0.00017397000000002327
0.00016184399999999433
0.0001739960000000096
0.00013869700000002094
0.00013709500000000374
0.00013674099999999578
0.00013686600000001325
0.00020001000000000047
0.00018808000000000713
0.00013774900000002033
0.0001377919999999977
0.00015407300000000457
0.00013695899999999206
0.00013643100000002018
0.00014210700000000243
0.00013830599999997695
0.00015771800000000114
0.00013529499999997974
0.00014394099999998078
0.00017714300000001848
0.00016077400000000241
0.0001935899999999935
0.0001792909999999981
0.00013859899999998926
0.00019995400000000219
0.00013930400000000676
0.00013744199999998763
0.00013557000000000152
0.00013585699999998924
0.0001771100000000081
0.00017541299999998539
0.00015644199999997888
0.00014063300000000112
0.0001451630000000037
0.00014000299999999966
0.00013671999999997908
0.00013672999999997382
0.00013600800000002078
0.00013836600000000088
0.00013539600000000984
0.00013621399999996786
0.00013569599999996296
0.00013504300000000136
0.00013615100000002878
0.00014997199999999822
0.00015553400000001272
0.00019628499999996274
0.00017468500000000775
0.0001390700000000189
0.0001352389999999537
0.00013565799999998296
0.000135655999999984
0.0001383959999999851
0.00020166299999996307
0.00013752100000002931
0.00013546700000000023
0.00016945200000001437
0.0001588390000000217
0.00014012200000002029
0.0001905309999999938
0.0001410070000000263
0.00015929500000000374
0.0001359969999999988
0.0001517310000000438
0.0001397600000000443
0.00013450300000000803
0.00013728699999998595
0.00013662300000000238
0.00016363099999999742
0.0001370749999999865
0.00015555199999994773
0.00014054199999996575
0.00014262700000000628
0.00013563199999999664
0.00013567100000000387
0.00015686700000000497
0.00017592200000005054
0.00013969099999999735
0.00013791300000004503
0.00013738699999998882
0.0001367580000000146
0.0001387119999999853
0.00019751499999998146
0.0001578529999999856
0.00013914900000000507
0.00013962900000002998
0.00016861899999998098
0.00013759999999995998
0.00017591599999999818
0.00017230100000004134
0.0001378409999999719
0.00013684800000002273
0.00013655100000004028
0.00016696300000001996
0.0001385439999999627
0.00015523200000000514
0.00013867100000003463
0.00013709400000000427
0.0001357149999999807
0.00013817900000001604
0.00017207499999999376
0.00017471800000001814
0.0001384220000000269
0.0001373309999999628
0.00013697200000001297
0.00013487000000000915
0.000176447000000024
0.00019383000000000594
0.00016324900000003195
0.0001373560000000329
0.00018699100000002522
0.0001472129999999794
0.00013912700000001665
0.0001360389999999767
0.0001372719999999661
0.00013593500000003145
0.0001593520000000015
0.00022369100000002584
0.00018009699999999018
0.00019551099999998156
0.0001745949999999996
0.0001730199999999682
0.00014135700000000861
0.00019587199999998584
0.00013862000000003372
0.00013666700000003473
0.00017680300000000315
0.00013862300000000438
0.00017668599999998147
0.0001656970000000202
0.00013653000000002358
0.00015561699999999679
0.0001397980000000243
0.00016970699999996341
0.00013776700000001085
0.0001548309999999664
0.0001501319999999695
0.00013606999999998814
0.00013603399999995158
0.00013558700000004809
0.00017127899999996865
0.00016442100000002569
0.0001953190000000271
0.00015649699999997768
0.0001401520000000045
0.00013941700000003054
0.0001377180000000089
0.00017401899999996973
0.0001435160000000102
0.00013861600000003582
0.00018697000000000852
0.00017939500000002662
0.00013934199999998675
0.00013735900000000356
0.00018727899999998465
0.00016252399999999723
0.0001409569999999971
0.00017640200000001993
0.00017177999999995475
0.00020283199999998613
0.00014052999999997207
0.0001676179999999805
0.0001748719999999926
0.00013800699999999555
0.00020380199999997517
0.000139932999999981
0.00020040700000001355
0.00015514699999996662
0.00018823800000000723
0.0001417730000000117
0.00013655099999998477
0.000138960999999993
0.00013625999999999916
0.00017416199999997772
0.00013763100000002693
0.00017599800000001053
0.00019929100000004585
0.00018855499999997916
0.00014116599999997037
0.0001756640000000198
0.000172590000000028
0.00013876899999998304
0.00013819199999998144
0.00013588599999997397
0.00015684799999998722
0.0001426870000000302
0.00013821000000002748
0.0001887420000000195
0.0001507370000000119
0.00015532500000003946
0.0001611919999999767
0.00013911100000002508
0.00013678299999997368
0.00013618800000003706
0.00013581700000003805
0.00013871499999995596
0.00016919799999998153
0.00016103099999997816
0.00018161500000002384
0.00014271300000001652
0.00013640599999997782
0.0001360049999999946
0.00015411599999998193
0.00014050400000004126
0.00016622500000001983
0.00013577199999997847
0.00013753599999999366
0.0001690959999999797
0.0001769739999999964
0.00017575099999994626
0.00013940400000000963
0.00013662200000003066
0.00019802699999998952
0.00017924600000002178
0.0001584179999999935
0.0001400139999999661
0.00013866300000003884
0.00013619500000000562
0.00013977299999995418
0.00013578899999999727
0.00013597300000001145
0.00013530699999997342
0.00013658500000002238
0.00017428600000002348
0.00013907300000004508
0.0001358450000000233
0.00013571300000003728
0.00015581700000000254
0.000186485000000014
0.0001383119999999738
0.00013695299999999522
0.0001380349999999808
0.00014385900000002394
0.00013800199999997043
0.00013794399999994544
0.00014693399999998746
0.0001369900000000035
0.00021398299999997317
0.0001772640000000103
0.00015727300000001332
0.00013965700000001524

Time of all conversion:
0.221328117
